1653610046669 0.9510363438040477 0
1653622741704 0.9569862045439231 0
1653635421778 0.9615412530042005 0
1653648143033 0.959742593382898 0
1653660846476 0.962450830787718 0
1653674144771 0.958739169436895 0
1653687502335 0.9566871532535208 0
1653700541603 0.9576121029963389 0
1653713630332 0.9592249654657353 0
1653726820664 0.9587189542575414 0
1653740099167 0.9661563152781835 0
1653753458625 0.9633259795938993 0
1653767140049 0.9706866562970283 0
1653780961885 0.9410771040632511 0
1653794547351 0.9536097782507132 0
