1653243895983 0.0019740804564207792 0
1653243901842 0.0014319271966814996 0
1653243907726 0.0008683960931375622 0
1653243913661 0.0006481645256280899 0
1653243919522 0.0004379761079326272 0
1653243925484 0.0003723488945979625 0
1653243931418 0.000317228427156806 0
1653243937315 0.0002597288100514561 0
1653243943241 0.00022934110194910317 0
1653243949160 0.00020276039140298963 0
1653243955110 0.00018754590244498103 0
1653243961062 0.00017050531692802906 0
1653243967097 0.0001615623792167753 0
1653243973175 0.00015239774947986006 0
1653243979281 0.00014582247589714825 0
1653243985376 0.00014022197690792383 0
1653243991493 0.00013521067157853394 0
1653243997522 0.0001312503404915333 0
1653244003462 0.00012769135762937366 0
1653244009301 0.00012453458504751324 0
1653244015191 0.0001216940814629197 0
1653244021193 0.00011915955314179882 0
1653244027113 0.00011700725473929197 0
1653244033105 0.00011512368102557957 0
1653244039054 0.00011347693623974919 0
1653244044944 0.00011200958862900734 0
1653244050804 0.00011081646924139932 0
1653244056748 0.00010962430038489401 0
1653244062584 0.00010862630238989368 0
1653244068476 0.00010775332862976939 0
1653244074361 0.00010699254111386836 0
1653244080262 0.00010620763874612749 0
1653244086228 0.00010552492283750326 0
1653244092092 0.00010485868027899414 0
1653244097955 0.00010424719541333615 0
1653244103885 0.00010368098504841328 0
1653244109784 0.00010315886902390048 0
1653244115729 0.00010265105578582734 0
1653244121599 0.00010218259820248931 0
1653244127479 0.00010172944195801392 0
1653244133353 0.00010131816350622102 0
1653244139299 0.00010093058663187548 0
1653244145231 0.00010054064070573076 0
1653244151126 0.00010018541855970398 0
1653244157025 9.988205914851278e-05 0
1653244162907 9.954483743058517e-05 0
1653244168795 9.927319479174912e-05 0
1653244174773 9.897376177832484e-05 0
1653244180669 9.871805232251064e-05 0
1653244186552 9.845537453657017e-05 0
1653244192473 9.821230487432331e-05 0
1653244198385 9.799182997085154e-05 0
1653244204372 9.778188832569868e-05 0
1653244210260 9.759530890733003e-05 0
1653244216163 9.736331325257198e-05 0
1653244222088 9.727127500809729e-05 0
1653244227969 9.706274489872158e-05 0
1653244233833 9.6964628319256e-05 0
1653244239785 9.678206668468193e-05 0
1653244245646 9.660223906394095e-05 0
1653244251640 9.659262519562617e-05 0
1653244257554 9.63228358887136e-05 0
1653244263457 9.634264395572245e-05 0
1653244269389 9.608896391000599e-05 0
1653244275480 9.616414783522487e-05 0
1653244281393 9.594648581696674e-05 0
1653244287287 9.60298691643402e-05 0
1653244293189 9.582294151186944e-05 0
1653244299106 9.586176951415836e-05 0
1653244304976 9.5817128312774e-05 0
1653244310883 9.577912336681038e-05 0
1653244316780 9.580717014614492e-05 0
1653244322701 9.557246230542659e-05 0
1653244328661 9.607592888642102e-05 0
1653244334644 9.545749810058624e-05 0
1653244340550 9.636887756641954e-05 0
1653244346462 9.52681410126388e-05 0
1653244352419 9.700791270006448e-05 0
1653244358325 9.54582792473957e-05 0
1653244364262 9.736488544149325e-05 0
1653244370116 9.581964171957224e-05 0
1653244376046 9.725402080221102e-05 0
1653244381970 9.689504688140005e-05 0
1653244387893 9.686797333415598e-05 0
1653244393890 9.802249609492719e-05 0
1653244399805 9.601281402865425e-05 0
1653244405818 9.901884594000876e-05 0
1653244411749 9.635597729356959e-05 0
1653244417679 9.794317884370685e-05 0
1653244423577 9.731099882628769e-05 0
1653244429533 9.633340407162905e-05 0
1653244435473 9.796395723242313e-05 0
1653244441397 9.600751945981756e-05 0
1653244447292 9.678969334345311e-05 0
1653244453272 9.624535246985033e-05 0
1653244459166 9.540749801089987e-05 0
1653244465104 9.644596138969064e-05 0
1653244471031 9.50904138153419e-05 0
1653244476920 9.545850858557969e-05 0
1653244482867 9.519410610664636e-05 0
1653244488804 9.475798287894577e-05 0
1653244494714 9.557217796100303e-05 0
1653244500619 9.433819184778258e-05 0
1653244506580 9.509064606390894e-05 0
1653244512567 9.457258274778724e-05 0
1653244518501 9.441482950933277e-05 0
1653244524481 9.525219793431461e-05 0
1653244530417 9.40827582962811e-05 0
1653244536354 9.488226642133668e-05 0
1653244542299 9.426970675121993e-05 0
1653244548249 9.429336409084498e-05 0
1653244554189 9.487684001214802e-05 0
1653244560117 9.381500945892185e-05 0
1653244566105 9.483364643529057e-05 0
1653244572072 9.383312048157678e-05 0
1653244577921 9.430856007384137e-05 0
1653244583869 9.445837378734722e-05 0
1653244589703 9.366001526359469e-05 0
1653244595626 9.469391719903798e-05 0
1653244601636 9.355201153084636e-05 0
1653244607678 9.452374157262965e-05 0
1653244613525 9.399986651260405e-05 0
1653244619512 9.363080665934831e-05 0
1653244625504 9.447045798879117e-05 0
1653244631502 9.339412208646536e-05 0
1653244637434 9.459682914894074e-05 0
1653244643314 9.384862409206107e-05 0
1653244649303 9.372344240546226e-05 0
1653244655240 9.428425342775881e-05 0
1653244661166 9.328156796982512e-05 0
1653244667090 9.446144744288177e-05 0
1653244672969 9.3501954106614e-05 0
1653244678966 9.369148290716111e-05 0
1653244684880 9.394764259923249e-05 0
1653244690784 9.302545164246113e-05 0
1653244696694 9.424520190805197e-05 0
1653244702660 9.307930013164878e-05 0
1653244708594 9.350526146590709e-05 0
1653244714522 9.350346343126148e-05 0
1653244720535 9.292510861996561e-05 0
1653244726501 9.408670419361442e-05 0
1653244732433 9.292667731642723e-05 0
1653244738365 9.359318908536807e-05 0
1653244744321 9.339932585135102e-05 0
1653244750231 9.293106384575367e-05 0
1653244756090 9.401376941241324e-05 0
1653244762033 9.281414153520018e-05 0
1653244768033 9.378563088830561e-05 0
1653244773961 9.34252529987134e-05 0
1653244779947 9.303754719439893e-05 0
1653244785894 9.40989181981422e-05 0
1653244791833 9.29504627129063e-05 0
1653244797769 9.390039776917547e-05 0
1653244803781 9.352709574159235e-05 0
1653244809696 9.348509483970701e-05 0
1653244815597 9.430505335330963e-05 0
1653244821579 9.302604739787057e-05 0
1653244827556 9.378440445289016e-05 0
1653244833508 9.348199586383998e-05 0
1653244839463 9.331454668426887e-05 0
1653244845383 9.413554449565709e-05 0
1653244851395 9.335784270660951e-05 0
1653244857300 9.365194709971547e-05 0
1653244863208 9.351063257781789e-05 0
1653244869146 9.270111273508519e-05 0
1653244875127 9.355447022244335e-05 0
1653244881048 9.277230885345488e-05 0
1653244886926 9.319755510659888e-05 0
1653244892864 9.327800304163247e-05 0
1653244898852 9.266463050153106e-05 0
1653244904781 9.380366012919695e-05 0
1653244910677 9.291779191698879e-05 0
1653244916630 9.337843570392579e-05 0
1653244922588 9.369407722260803e-05 0
1653244928616 9.271044109482318e-05 0
1653244934597 9.393794287461788e-05 0
1653244940521 9.320517536252737e-05 0
1653244946433 9.325094404630363e-05 0
1653244952330 9.398908820003271e-05 0
1653244958234 9.283552004490048e-05 0
1653244964147 9.377931826747953e-05 0
1653244970057 9.363384800963104e-05 0
1653244975975 9.278626937884837e-05 0
1653244981884 9.385467739775777e-05 0
1653244987818 9.30750134284608e-05 0
1653244993722 9.305705345468595e-05 0
1653244999642 9.393538755830377e-05 0
1653245005582 9.28650191053748e-05 0
1653245011551 9.318248427007347e-05 0
1653245017493 9.343370795249938e-05 0
1653245023353 9.246155095752329e-05 0
1653245029240 9.344987018266692e-05 0
1653245035220 9.310526715125889e-05 0
1653245041160 9.255795797798783e-05 0
1653245047199 9.337999508716167e-05 0
1653245053165 9.26636322401464e-05 0
1653245059118 9.282304614316672e-05 0
1653245065023 9.34602806228213e-05 0
1653245070925 9.268054040148855e-05 0
1653245076814 9.304384933784604e-05 0
1653245082796 9.30976527160965e-05 0
1653245088685 9.252797492081299e-05 0
1653245094639 9.343200130388141e-05 0
1653245100574 9.308112028520554e-05 0
1653245106473 9.281483246013522e-05 0
1653245112448 9.338765783468262e-05 0
1653245118353 9.276331751607358e-05 0
1653245124235 9.291231603128836e-05 0
1653245130152 9.361250180518254e-05 0
1653245136107 9.273261239286512e-05 0
1653245142057 9.311033936683088e-05 0
1653245147974 9.330209286417812e-05 0
1653245153931 9.265529311960563e-05 0
1653245159865 9.342599660158157e-05 0
1653245165786 9.346018370706588e-05 0
1653245171721 9.294680377934128e-05 0
1653245177628 9.348282124847173e-05 0
1653245183552 9.339064592495561e-05 0
1653245189518 9.292105969507247e-05 0
1653245195393 9.389799117343501e-05 0
1653245201298 9.34727443382144e-05 0
1653245207366 9.29800231824629e-05 0
1653245213249 9.359083545859903e-05 0
1653245219205 9.325009159510955e-05 0
1653245225112 9.283868392230943e-05 0
1653245231023 9.377148235216737e-05 0
1653245237025 9.338276548078284e-05 0
1653245242961 9.31153038982302e-05 0
1653245248993 9.367063408717513e-05 0
1653245254900 9.344356803921982e-05 0
1653245260904 9.284028026740999e-05 0
1653245266855 9.358143550343812e-05 0
1653245272778 9.328287909738719e-05 0
1653245278730 9.328625863417983e-05 0
1653245284681 9.356469206977635e-05 0
1653245290566 9.343541343696415e-05 0
1653245296465 9.281102160457521e-05 0
1653245302471 9.319091157522052e-05 0
1653245308381 9.28022648440674e-05 0
1653245314345 9.292377333622426e-05 0
1653245320268 9.320522134657949e-05 0
1653245326173 9.287994471378625e-05 0
1653245332065 9.269009256968275e-05 0
1653245337991 9.311744419392198e-05 0
1653245343918 9.293170238379389e-05 0
1653245349833 9.285591600928456e-05 0
1653245355705 9.324438113253564e-05 0
1653245361653 9.286964894272387e-05 0
1653245367628 9.279302204959094e-05 0
1653245373570 9.321366727817804e-05 0
1653245379506 9.286482090828941e-05 0
1653245385437 9.27856401540339e-05 0
1653245391393 9.317422402091324e-05 0
1653245397328 9.290710266213865e-05 0
1653245403244 9.269415226299315e-05 0
1653245409169 9.320146986283362e-05 0
1653245415041 9.285552892833949e-05 0
1653245420958 9.263966116122901e-05 0
