1653245768655 1.547921260680596e-05 0
1653245840319 1.2791994398260917e-05 0
1653245912229 1.1990107168458053e-05 0
1653245983728 1.150310807436957e-05 0
1653246055375 1.1124285720143234e-05 0
1653246127161 1.0821316967242941e-05 0
1653246198756 1.0579497711660224e-05 0
1653246270564 1.03995287190628e-05 0
1653246344412 1.0244866264959759e-05 0
1653246417593 1.0104493488446073e-05 0
1653246491011 1.00104130069667e-05 0
1653246562952 9.897800813026455e-06 0
1653246642923 9.814351036159982e-06 0
1653246731715 9.727911826000005e-06 0
1653246825234 9.645677437220002e-06 0
1653246899395 9.582872280589072e-06 0
1653246977533 9.519401904375021e-06 0
1653247053139 9.457694128893005e-06 0
1653247130031 9.402013044261063e-06 0
1653247205950 9.320364142695325e-06 0
1653247285305 9.280956495179756e-06 0
1653247358633 9.232669526682002e-06 0
1653247432018 9.172084295035651e-06 0
1653247504979 9.126340728471405e-06 0
1653247578318 9.080435347641469e-06 0
1653247651739 9.049945447259233e-06 0
1653247724785 8.987823321149335e-06 0
1653247797843 8.976588787845685e-06 0
1653247871248 8.912015118767158e-06 0
1653247944621 8.867846721235159e-06 0
1653248017373 8.825000653208312e-06 0
1653248090651 8.788732202447136e-06 0
1653248163632 8.737557588271253e-06 0
1653248237415 8.709333693938484e-06 0
1653248309178 8.664019484664701e-06 0
1653248392883 8.610622671767487e-06 0
1653248488415 8.5975607362343e-06 0
1653248581069 8.522582750932392e-06 0
1653248656368 8.504411046790969e-06 0
1653248732323 8.455544578585735e-06 0
1653248805592 8.430394624762508e-06 0
1653248878919 8.384856225044738e-06 0
1653248951044 8.332736115335138e-06 0
1653249024319 8.308659820007355e-06 0
1653249097986 8.261028294024678e-06 0
1653249171978 8.237390071978249e-06 0
1653249244447 8.201817763620056e-06 0
1653249317836 8.187444943056713e-06 0
1653249390054 8.126231098988987e-06 0
1653249462736 8.080925150958743e-06 0
1653249538592 8.009463272173889e-06 0
1653249614448 7.989248160811258e-06 0
1653249690803 7.94461910421281e-06 0
1653249765384 7.916708606596027e-06 0
1653249838590 7.872696414779057e-06 0
1653249913538 7.809390050776225e-06 0
1653249988678 7.800620323905605e-06 0
1653250061290 7.743442514159446e-06 0
1653250135511 7.71073412882591e-06 0
1653250208561 7.670275598078055e-06 0
1653250282205 7.617092819600657e-06 0
1653250358312 7.575608227246751e-06 0
1653250433462 7.53266491907804e-06 0
1653250507537 7.5103351946381736e-06 0
1653250581363 7.455797799593711e-06 0
1653250656399 7.414973955140643e-06 0
1653250732269 7.379838848464715e-06 0
1653250812161 7.367568287008908e-06 0
1653250884231 7.292435384442797e-06 0
1653250955971 7.2618922786205076e-06 0
1653251027553 7.242295206803344e-06 0
1653251099329 7.1856789721399155e-06 0
1653251179456 7.140431686517938e-06 0
1653251255963 7.085685486648193e-06 0
1653251332624 7.037768379329161e-06 0
1653251405812 6.9899662472986774e-06 0
1653251477651 6.977310211671768e-06 0
1653251549122 6.928788025106769e-06 0
1653251620684 6.881934458154622e-06 0
1653251692935 6.825403147558973e-06 0
1653251765023 6.785885072228363e-06 0
1653251838050 6.755884934743032e-06 0
1653251909751 6.70297549731913e-06 0
1653251981768 6.651972474476982e-06 0
1653252053324 6.642532260533092e-06 0
1653252124713 6.5929194761338294e-06 0
1653252196291 6.564681181468283e-06 0
1653252269579 6.4872474846803625e-06 0
1653252341613 6.467726279879571e-06 0
1653252414521 6.444915015890729e-06 0
1653252486853 6.392081369691975e-06 0
1653252560681 6.351202917661188e-06 0
1653252637515 6.304365835300511e-06 0
1653252712664 6.252253077339749e-06 0
1653252789464 6.228808350291122e-06 0
1653252867140 6.181061166898871e-06 0
1653252940727 6.1357369152877555e-06 0
1653253015477 6.1113915990063106e-06 0
1653253093070 6.114088326588292e-06 0
1653253170199 6.043895306599249e-06 0
1653253245920 5.983168951691671e-06 0
1653253321463 5.9497861002455465e-06 0
1653253396865 5.892571607546415e-06 0
1653253470033 5.84603697006969e-06 0
1653253544986 5.819870883290908e-06 0
1653253621312 5.761789301080474e-06 0
1653253696363 5.719266217359594e-06 0
1653253774347 5.705399151641662e-06 0
1653253864729 5.652246841236774e-06 0
1653253957888 5.637939693770022e-06 0
1653254053055 5.617751677770381e-06 0
1653254148800 5.5579147328899126e-06 0
